2.256758990499736228e+01 -4.400699626124648489e+00 -1.250000000000000000e+02
-3.691490520434509648e+01 4.541522879928623979e+01 -1.250000000000000000e+02
-2.000810410866096234e+01 4.075585889584399979e+01 -1.250000000000000000e+02
1.513284796558779988e+01 -1.467839785927937868e+01 -1.250000000000000000e+02
3.646943087470550893e+01 2.530605710483577298e+01 -1.250000000000000000e+02
3.440265245669682770e+01 3.500485475434231830e+00 -1.250000000000000000e+02
4.988790447848636234e+00 3.499298130386108596e+01 -1.250000000000000000e+02
-2.191175766190212926e+00 -1.340579619892726981e+01 -1.250000000000000000e+02
-2.100360065924294872e+01 4.545262543394781574e+01 -1.250000000000000000e+02
-4.752904039010289239e+00 -3.652093802772263587e+00 -1.250000000000000000e+02
-3.729976218189343484e+01 -6.747771760125097273e+00 -1.250000000000000000e+02
-3.311473506226051455e+01 -3.685804956316861336e+01 -1.250000000000000000e+02
-1.847828392751702609e+01 -5.535763280912128437e+00 -1.250000000000000000e+02
3.942117828876190799e+01 7.505211052798003379e+00 -1.250000000000000000e+02
8.309132228695737865e+00 -1.641615433573389282e+01 -1.250000000000000000e+02
4.623521811017900518e+01 4.129295150066964482e+01 -1.250000000000000000e+02
-2.573864080962508893e+01 -2.776835528787339058e+01 -1.250000000000000000e+02
-3.513345150061479671e+01 7.480532322197852579e+00 -1.250000000000000000e+02
1.972766996127177208e+01 -3.879785310757427652e+01 -1.250000000000000000e+02
1.261273366890311820e+01 4.319424384746433532e+01 -1.250000000000000000e+02
3.757444247776176383e+01 2.620234991936527535e+01 -1.250000000000000000e+02
4.849806044870381072e+01 -1.152861119970852855e+01 -1.250000000000000000e+02
9.141328377526455995e+00 4.621869853955266194e+01 -1.250000000000000000e+02
-1.117137337554653698e+01 -4.555257120170335128e+01 -1.250000000000000000e+02
-3.720516290746974875e+01 -5.763598876545529492e+00 -1.250000000000000000e+02
-2.295125072926482801e+01 -3.390889059557833463e+01 -1.250000000000000000e+02
4.063279290719017922e+01 2.118896985102537656e+01 -1.250000000000000000e+02
9.673917392592244369e+00 -3.677417527124539731e+00 -1.250000000000000000e+02
2.470778093066734016e+01 -4.528238370860386652e+01 -1.250000000000000000e+02
1.044231828904194970e+01 3.883329352149755209e+01 -1.250000000000000000e+02
-1.884496474684717171e+01 -2.471833449654254977e+01 -1.250000000000000000e+02
-2.713660670117547014e+01 5.725366361769232526e+00 -1.250000000000000000e+02
3.961291705197687918e+00 -3.216870032200378660e+01 -1.250000000000000000e+02
-3.915169006467120738e+01 -1.534916763097228909e+00 -1.250000000000000000e+02
4.435646470051537449e-01 4.208369784671623393e+01 -1.250000000000000000e+02
-6.512297169625895776e-01 1.612592370699888988e+01 -1.250000000000000000e+02
3.177104271033094562e+01 4.687114210188501318e+01 -1.250000000000000000e+02
3.394508177005131699e+01 -4.914969755727079814e+01 -1.250000000000000000e+02
2.938621361888749561e+01 -1.611650775131594315e+01 -1.250000000000000000e+02
4.355705748760908591e+01 -1.266785806485653865e+01 -1.250000000000000000e+02
1.266231596390426972e+01 -5.887703437624480785e-02 -1.250000000000000000e+02
-3.532468737740889253e+01 3.133882350631594704e+01 -1.250000000000000000e+02
1.741676869522567017e+01 -1.603178143101489894e+01 -1.250000000000000000e+02
3.485664499845066189e+01 -4.936864417583996101e+01 -1.250000000000000000e+02
2.888535109513000521e+00 -3.348263046377687147e+01 -1.250000000000000000e+02
4.810250460885690416e+01 3.455583310377180339e+01 -1.250000000000000000e+02
-2.725303308074447273e+01 -4.226637572023482647e+01 -1.250000000000000000e+02
2.349149724598721889e+01 4.806823028944111798e+01 -1.250000000000000000e+02
4.261126010554723109e+01 -2.312215280985414623e+01 -1.250000000000000000e+02
-4.375585446236080145e+01 -1.958504649767234440e+01 -1.250000000000000000e+02
