-2.881639509134751265e+01 3.265758277573524992e+00 -1.250000000000000000e+02
1.579628834972562856e+01 -4.851307702101451014e+00 -1.250000000000000000e+02
1.116921178967915296e+01 3.154920264094529614e+01 -1.250000000000000000e+02
-1.452631215026710976e+01 1.627404066831337559e+01 -1.250000000000000000e+02
-9.310290473458060490e+00 2.699249627447881039e+01 -1.250000000000000000e+02
-3.963618781596325391e+01 4.254846360164459895e+01 -1.250000000000000000e+02
-1.220203714850843824e+01 -3.597972982193522284e+01 -1.250000000000000000e+02
1.554263847594960168e+01 -3.201769245526476482e+01 -1.250000000000000000e+02
-8.922394101618849049e-01 -3.482485020382195273e+01 -1.250000000000000000e+02
2.156989479718008340e+01 1.504704588955350175e+01 -1.250000000000000000e+02
1.817795421056288774e+00 1.954260454958863136e+01 -1.250000000000000000e+02
4.326508043913739243e+01 -1.509799687428239423e+01 -1.250000000000000000e+02
3.397170416350738265e+01 3.910274968529243722e+01 -1.250000000000000000e+02
3.539327358971982562e+01 -2.974137726455212771e+01 -1.250000000000000000e+02
-2.129236583386862947e+00 -3.894937075564632778e+01 -1.250000000000000000e+02
3.835101757140805034e+01 1.083756187984186425e+01 -1.250000000000000000e+02
2.862423563642602176e+01 3.674574290264902743e+01 -1.250000000000000000e+02
7.323770459161735857e+00 4.397548189079141423e+01 -1.250000000000000000e+02
3.766621704272756688e+01 -4.858332751825468421e+01 -1.250000000000000000e+02
2.249494218704917614e+01 -4.226423999796311648e+01 -1.250000000000000000e+02
7.139001232095118610e+00 1.832691327244737067e+01 -1.250000000000000000e+02
-1.124790042952861313e+01 -3.642833192058230196e+01 -1.250000000000000000e+02
3.499960876704952284e+01 2.583840075817998638e+01 -1.250000000000000000e+02
4.336016253325578873e+01 -1.528153840178997314e+01 -1.250000000000000000e+02
1.233567760220165610e+01 -4.706552776809679983e+00 -1.250000000000000000e+02
-4.549779867334372341e+01 -2.680856783690064304e+01 -1.250000000000000000e+02
1.776707020623135236e+00 -1.254053083699096049e+01 -1.250000000000000000e+02
4.207890841578903007e+01 -1.397073726038590280e+01 -1.250000000000000000e+02
-2.719095650838918488e+01 3.550596169546082592e+00 -1.250000000000000000e+02
3.462474054928195244e+01 8.512548049978207132e+00 -1.250000000000000000e+02
-2.552701057681064967e+01 2.250382945936883061e+01 -1.250000000000000000e+02
3.080361842959457874e+01 4.075440886280020436e+00 -1.250000000000000000e+02
-1.418900284020801905e+01 -1.203411203961487530e+01 -1.250000000000000000e+02
-4.317352038412518311e+01 1.403147122023352722e+01 -1.250000000000000000e+02
8.579006132838529197e+00 4.717868305483892755e+01 -1.250000000000000000e+02
3.233132452574297133e+01 1.490850880132828138e+01 -1.250000000000000000e+02
-2.670710436297614265e+01 -4.565489531083738228e+01 -1.250000000000000000e+02
3.188575734001034334e+00 -1.700992982835104783e+01 -1.250000000000000000e+02
4.631850701358295908e+00 8.442746668854098857e+00 -1.250000000000000000e+02
-4.785406707428677464e+01 4.361695321265332836e+01 -1.250000000000000000e+02
4.204037960288482623e+01 9.824621874031414848e+00 -1.250000000000000000e+02
4.191435839214709347e+01 -4.688931751124748359e+00 -1.250000000000000000e+02
2.512999885507956321e+01 9.257837891917297668e+00 -1.250000000000000000e+02
3.502325085689332695e+01 -3.287374880465520732e+00 -1.250000000000000000e+02
4.791241614206391830e+01 -2.609437505116759581e+01 -1.250000000000000000e+02
3.153207912993161699e+01 -4.521973183408547925e+00 -1.250000000000000000e+02
-4.002885133552993580e+00 -1.635236101684581911e+01 -1.250000000000000000e+02
-5.128758687706572061e+00 2.355119540899406161e+01 -1.250000000000000000e+02
4.941086331031556256e+01 2.884167476980778133e+01 -1.250000000000000000e+02
2.578644101530848332e+00 -4.814123708194812679e+01 -1.250000000000000000e+02
